>> mean(silh4)

ans =

    0.7525

>> mean(silh5)

ans =

    0.7548

>> mean(silh6)

ans =

    0.5505

>> mean(silh7)

ans =

    0.3687

>> mean(silh8)

ans =

    0.4587

>> mean(silh3)

ans =

    0.7567


centers:
0.1162    0.0625    0.0894    0.0944    0.1157    0.0873    0.0976    0.2727
0.0670         0    0.0210    1.6986    0.0400    0.0025    0.0275    0.1472
0.0270    2.8568    0.0281    0.1781    0.0352    0.0068    0.0244    0.0490

Art&Entertainment,School,Food,Outdoors,Home/work,Nightlife,Shop,Travel
